226
3 64
8 68
19 79
33 87
43 95
55 101
66 105
74 111
81 116
86 121
94 127
98 130
103 135
105 138
107 143
109 147
110 152
112 158
112 162
112 164
112 173
112 175
112 180
112 183
112 184
109 191
109 194
105 201
103 208
102 212
99 242
98 247
95 253
90 262
88 266
85 273
80 285
77 300
77 301
77 304
77 317
77 319
77 325
76 330
76 333
75 338
76 350
76 351
76 354
75 361
75 366
75 373
76 376
77 383
78 385
80 392
81 396
82 400
84 403
85 407
87 413
88 418
89 422
90 426
93 433
97 436
104 440
108 442
110 444
116 444
136 441
138 440
145 437
150 433
162 423
164 422
166 420
170 416
174 409
177 400
184 383
188 373
191 358
192 356
194 354
195 352
206 342
209 341
221 328
232 324
239 322
257 322
264 324
274 329
283 339
289 345
294 351
305 364
308 369
313 376
321 396
321 396
322 426
307 434
299 446
290 453
276 460
267 466
256 470
249 471
237 468
228 464
220 462
208 456
194 444
185 433
177 424
175 416
173 405
172 397
176 387
183 375
185 369
191 357
196 349
201 345
203 342
207 339
218 336
223 334
230 331
233 330
237 328
253 326
265 328
275 331
279 332
283 329
296 321
300 317
304 311
308 307
316 298
322 290
330 281
335 275
341 270
351 253
355 246
360 235
364 227
370 221
379 216
387 212
399 207
413 199
422 198
437 197
451 197
474 195
484 192
488 189
494 179
496 170
499 159
504 148
507 139
508 131
505 123
501 116
500 115
491 108
486 105
479 103
467 97
456 95
441 93
435 92
428 95
414 97
410 100
401 110
394 118
388 134
385 152
387 160
391 170
394 174
401 189
406 202
423 215
432 224
437 235
437 240
439 242
442 256
445 264
447 273
448 280
447 286
443 304
446 314
443 329
442 351
442 354
445 370
442 387
442 391
444 399
441 409
441 414
442 423
444 437
446 444
450 462
449 468
450 472
454 486
457 497
459 502
464 514
469 521
475 534
478 537
490 547
492 547

